10 1110
32 1011110010000110001111111111111101100000000
33 10111100100001100011111111111110
34 1011110010000110001111111111110
35 1011110010000110001111111111111101100000001
36 1011110010000110001111111111111101100010000
37 10111100100110110001
38 101111001000011001
39 10111100100001100011110
40 101111001000011000111111111110
41 101111001000011000111111111111110110110
42 101111001000011000111111111111110110111
43 10111100100001100011111111111111011000111
44 1011110010000110001111111111111101100010001
45 1011110010011010
46 10111100100000
47 1011110010000111
48 1011110010011011001
49 101111001001101100000
50 1011110010000110001110
51 10111100100001100011111110
52 10111100100001100011111111110
53 1011110010000110001111111111111101111
54 1011110010000110001111111111111110100
55 10111100100001100011111111111111011100
56 10111100100001100011111111111111010000
57 1011110010000110001111111111111101101000
58 10111100100001100011111111111111011010100
59 101111001000011000111111111111110110001100
60 1011110010000110001111111111111101100010100
61 10111100100101
62 1011110010001
63 10111100100100
64 101111001001100
65 101111001000010
66 10111100100110111
67 101111001001101101
68 10111100100001101
69 1011110010000110000
70 101111001001101100001
71 10111100100001100010
72 101111001000011000110
73 101111001000011000111110
74 1011110010000110001111110
75 101111001000011000111111110
76 1011110010000110001111111110
77 101111001000011000111111111111111110
78 101111001000011000111111111111111111
79 101111001000011000111111111111110101
80 1011110010000110001111111111111110101
81 1011110010000110001111111111111101001
82 10111100100001100011111111111111011101
83 10111100100001100011111111111111011001
84 10111100100001100011111111111111010001
85 1011110010000110001111111111111101101011
86 1011110010000110001111111111111101101001
87 1011110010000110001111111111111101100001
88 10111100100001100011111111111111011010101
89 10111100100001100011111111111111011000001
90 101111001000011000111111111111110110001101
91 1011110010000110001111111111111101100010111
92 1011110010000110001111111111111101100010101
93 10111100100111
94 1011110010000110001111111111111100
95 10111100100001100011111111111111100
96 10111100100001100011111111111111110
97 0101
98 100010
99 10000
100 10110
101 000
102 1011111
103 00101
104 010011
105 1001
106 1111
107 10111101
108 11001
109 101110
110 0110
111 11000
112 00100
113 1011110011
114 0111
115 1010
116 0011
117 01000
118 1000111
119 1000110
120 101111000
121 010010
122 10111100101
123 101111001000011000111111111111110110001001
124 101111001000011000111111111111110110000001
125 101111001000011000111111111111111011
126 1011110010000110001111111111111101100010110
