10 01000
32 110
33 01011101111
34 01011101101011111110101010
35 01011101101011111110101011
36 0101110110101110000110
37 0101110110101111100111
38 0101110110101111111000
39 010111011011
40 0101110110101111010
41 010111011010111111111000
42 010111011010111111111001
43 010111011010111111101011
44 011110
45 101010011
46 0111111
47 0101110110101111111001
48 010111011010111100
49 0101110110101110010
50 0101110110101110011
51 0101110110101111011
52 01011101101011100010
53 01011101101011111111101
54 01011101101011111001100
55 010111011010111111111110
56 01011101101011111110110
57 010111011010111111101110
58 101010100
59 111001100
60 0101110110101110000111
61 01011101101011101
62 010111011010110
63 111001110
64 010111011010111111110
65 10101011
66 1010100100
67 01011110
68 01011101110
69 101010101
70 010111011010111110001
71 111001111
72 0101110101
73 11100100
74 0101110110101111100000
75 010111011010111110010
76 001100011
77 1010100101
78 111001010
79 111001101
80 00110000
81 010111011010111111111111
82 001100010
83 01011100
84 10101000
85 010111111
86 010111011010111111101111
87 010111110
88 01011101101011100000
89 0101110100
90 0101110110101111111010100
91 0101110110101111111010000
92 0101110110101111111010001
93 0101110110100
94 0101110110101111110
95 01011101101010
96 0101110110101111101
97 1001
98 0111110
99 111000
100 10100
101 1111
102 010110
103 1010110
104 11101
105 0000
106 01001
107 111001011
108 01010
109 001101
110 0010
111 0110
112 1010111
113 01011101100
114 10111
115 0001
116 1000
117 01110
118 0011001
119 101101
120 0101110110101111100001
121 101100
122 010111011010111111101001
123 01011101101011100011
124 010111011010111000010
125 01011101101011111001101
126 01011101101011111111110
