10 1111111
32 110
33 01001100111
34 010011111
35 10111000110000100111000
36 10111000110000100111001
37 1011100011000010011111
38 10111000110000110100
39 111001101
40 1011100011011
41 10111000110001
42 1011100011000011011001
43 101110001100001101100000
44 101010
45 0100110110
46 1110010
47 10111000110000110101
48 10111001001
49 101110001100001001000
50 1011100010110
51 101110001100001001001
52 101110001100001001010
53 1011100011000011011100
54 1011100011000011011101
55 10111000110000100111100
56 10111000110000100111101
57 10111000110000110110001
58 0100111100
59 1011100000
60 101110001100001101100001
61 101110001100001000
62 10111000110000000
63 1110011000
64 101110001100001100
65 101110011
66 0100111101
67 0100111011
68 1011100011010
69 01001101001
70 1011100101
71 01001110101
72 1011100010111
73 010011000
74 101110001100001001100
75 1011100011001
76 10111001000
77 0100110101
78 10111000100
79 0100110010
80 101110001010
81 1011100011000011011010
82 01001110100
83 10111000111
84 11100111
85 10111000110000110110110
86 10111000110000110110111
87 010011100
88 1011100011000010011010
89 0100110111
90 01001100110
91 10111000110000100110110
92 10111000110000100110111
93 10111000110000111
94 1011100011000001
95 10111000110000001
96 10111000110000101
97 0111
98 1011101
99 101011
100 01101
101 000
102 101111
103 011000
104 11101
105 0011
106 010010
107 1010000
108 10110
109 111000
110 0101
111 1000
112 011001
113 01001101000
114 11110
115 0010
116 1001
117 01000
118 1010001
119 101001
120 1110011001
121 111110
122 1011100001
123 101110001100001001011
124 1011100011000010011101
125 1011100011000011011110
126 1011100011000011011111
