10 111000
32 110
33 0101000011
34 010100000
35 10001111011111111000
36 1000111101111111010
37 10001111011111111001
38 10001111011111111010010010
39 11101110
40 1000111101110
41 1000111101011
42 100011110111110
43 10001111011111111010010011
44 100010
45 01010001
46 1000110
47 100011110101001
48 100011110101011
49 0101000010100
50 100011100001011
51 100011100001010
52 100011100001000
53 100011100001001
54 1000111101010101
55 1000111101111110
56 1000111101010100
57 1000111101010001
58 1000111000011
59 1000111111
60 100011110111111110101
61 1000111101111111101001010
62 10001111011111111011
63 0101101110
64 100011110111111100
65 1000111001
66 1000111010
67 01011011110
68 10001110001
69 01010000100
70 01011011111
71 01011010100
72 1000111100
73 111011111
74 010100001011
75 01011010101
76 100011110100
77 1110111101
78 11101111000
79 111011110010
80 01011010010
81 111011110011
82 100011110110
83 1000111110
84 010110110
85 0101000010101
86 10001111011110
87 0101101011
88 1000111101111111110
89 01011010011
90 1000111101111111011
91 10001111011111111110
92 1000111101111111101000010
93 10001111011111111111
94 10001111011111111010001
95 1000111101010000
96 10001111011111111010011
97 0111
98 1110110
99 100111
100 10110
101 000
102 100101
103 100100
104 0010
105 0011
106 111001
107 0101001
108 10000
109 101110
110 0100
111 0110
112 010101
113 0101101000
114 11110
115 11111
116 1010
117 111010
118 0101100
119 100110
120 1000111011
121 010111
122 100011100000
123 1000111101111111101001011
124 100011110111111110100000
125 1000111101111111101000011
126 1000111101111111101001000
